C                0.0000098658        0.0000098678        0.0000098768
C               -0.0000536614       -0.0000536434        0.2500158869
C               -0.0000021679       -0.0000021539        0.5000071976
C                0.0000752956        0.0000753096        0.7499973804
C               -0.0000536604        0.2500158719       -0.0000536504
C               -0.0001070024        0.2499598176        0.2499598266
C               -0.0001381158        0.2500428118        0.4999661551
C               -0.0000785144        0.2500694190        0.7499405122
C               -0.0000021679        0.5000071816       -0.0000021579
C               -0.0001381248        0.4999661431        0.2500428178
C               -0.0000395153        0.5000033951        0.5000034001
C                0.0000813351        0.5000424863        0.7499813742
C                0.0000752996        0.7499973824        0.0000753126
C               -0.0000785204        0.7499405242        0.2500694260
C                0.0000813231        0.7499813782        0.5000424983
C                0.0002492488        0.7500694283        0.7500694323
C                0.2500158779       -0.0000536474       -0.0000536574
C                0.2499598216       -0.0001069894        0.2499598236
C                0.2500428148       -0.0001380888        0.4999661621
C                0.2500694210       -0.0000784984        0.7499405252
C                0.2499598206        0.2499598136       -0.0001069964
C                0.2499494341        0.2499494251        0.2499494351
C                0.2494935210        0.2494935200        0.4999425668
C                0.2500064894        0.2500064814        0.7498719176
C                0.2500428178        0.4999661391       -0.0001381138
C                0.2494935090        0.4999425588        0.2494935020
C                0.2503150832        0.4997700518        0.4997700398
C                0.2499921029        0.4998625392        0.7499531242
C                0.2500694230        0.7499405212       -0.0000785124
C                0.2500064814        0.7498719256        0.2500064744
C                0.2499920919        0.7499531272        0.4998625512
C                0.2503962261        0.7497575463        0.7497575473
C                0.5000072016       -0.0000021569       -0.0000021609
C                0.4999661731       -0.0001380908        0.2500428148
C                0.5000034121       -0.0000394823        0.5000033951
C                0.5000425043        0.0000813531        0.7499813732
C                0.4999661601        0.2500428138       -0.0001381068
C                0.4999425728        0.2494935170        0.2494935110
C                0.4997700578        0.2503150952        0.4997700498
C                0.4998625622        0.2499921019        0.7499531172
C                0.5000034071        0.5000033931       -0.0000395093
C                0.4997700478        0.4997700538        0.2503150692
C                0.5001656555        0.5001656205        0.7495290696
C                0.5000425113        0.7499813722        0.0000813371
C                0.4998625622        0.7499531292        0.2499920889
C                0.5001656505        0.7495290706        0.5001656355
C                0.5004071835        0.7505162304        0.7505162454
C                0.7499973854        0.0000753046        0.0000753126
C                0.7499405272       -0.0000785044        0.2500694270
C                0.7499813762        0.0000813541        0.5000425013
C                0.7500694243        0.0002492568        0.7500694293
C                0.7499405172        0.2500694200       -0.0000785074
C                0.7498719216        0.2500064804        0.2500064874
C                0.7499531142        0.2499921039        0.4998625512
C                0.7497575423        0.2503962291        0.7497575423
C                0.7499813702        0.5000424903        0.0000813441
C                0.7499531142        0.4998625492        0.2499920969
C                0.7495290556        0.5001656275        0.5001656445
C                0.7505162284        0.5004071555        0.7505162374
C                0.7500694293        0.7500694263        0.0002492658
C                0.7497575493        0.7497575483        0.2503962301
C                0.7505162324        0.7505162334        0.5004071705
C                0.7503395628        0.7503395558        0.7503395708
C               -0.0000516704        0.1249803155        0.1249803255
C               -0.0000880199        0.1249602993        0.3749744242
C               -0.0000799781        0.1250820879        0.6249792074
C               -0.0000176776        0.1250555234        0.8749603696
C               -0.0000880189        0.3749744062        0.1249602983
C               -0.0001498169        0.3749980039        0.3749980159
C               -0.0000581307        0.3750522271        0.6249526020
C               -0.0000282234        0.3750331885        0.8749464724
C               -0.0000799841        0.6249792094        0.1250820859
C               -0.0000581427        0.6249526070        0.3750522341
C                0.0001324176        0.6250226122        0.6250226192
C                0.0001741667        0.6250408447        0.8750620755
C               -0.0000176786        0.8749603766        0.1250555314
C               -0.0000282314        0.8749464784        0.3750332045
C                0.0001741617        0.8750620775        0.6250408487
C                0.0001329082        0.8750415297        0.8750415377
C                0.2499612911        0.1249402427        0.1249402467
C                0.2499385209        0.1248590747        0.3749319729
C                0.2499323097        0.1248891771        0.6249347064
C                0.2500037283        0.1249796167        0.8749154843
C                0.2499385139        0.3749319509        0.1248590637
C                0.2500148115        0.3749869862        0.3749869872
C                0.2499583101        0.3748792849        0.6248042284
C                0.2499985442        0.3749814426        0.8748971218
C                0.2499323067        0.6249346974        0.1248891511
C                0.2499582981        0.6248042314        0.3748792829
C                0.2505243867        0.6245781616        0.6245781646
C                0.2503365610        0.6249377022        0.8747051956
C                0.2500037303        0.8749154913        0.1249796077
C                0.2499985352        0.8748971328        0.3749814596
C                0.2503365520        0.8747052056        0.6249377172
C                0.2501210993        0.8749118972        0.8749118892
C                0.4999759057        0.1248010010        0.1248009960
C                0.4999176243        0.1249593076        0.3749469400
C                0.4999308906        0.1251185697        0.6248732299
C                0.4999666100        0.1250174012        0.8749758470
C                0.4999176143        0.3749469350        0.1249592846
C                0.5002197733        0.3750478540        0.3750478450
C                0.4992199037        0.3760345938        0.6235134817
C                0.5000003102        0.3751773072        0.8747343517
C                0.4999308956        0.6248732329        0.1251185377
C                0.4992198887        0.6235134897        0.3760345858
C                0.5031253356        0.6249491980        0.6249492270
C                0.5001578358        0.6250509852        0.8749911784
C                0.4999666220        0.8749758540        0.1250173892
C                0.5000003172        0.8747343677        0.3751773102
C                0.5001578328        0.8749911844        0.6250509952
C                0.5001270338        0.8751851351        0.8751851371
C                0.7499423771        0.1250024862        0.1250024892
C                0.7499385562        0.1249824308        0.3749867277
C                0.7498629774        0.1252235054        0.6249301408
C                0.7499479817        0.1252103656        0.8749270589
C                0.7499385462        0.3749867207        0.1249824238
C                0.7497701343        0.3750267444        0.3750267454
C                0.7491564531        0.3758679897        0.6247933458
C                0.7499057003        0.3751632338        0.8748960429
C                0.7498629774        0.6249301478        0.1252234984
C                0.7491564551        0.6247933408        0.3758679927
C                0.7506715234        0.6255198185        0.6255198345
C                0.7502685545        0.6252167576        0.8753492095
C                0.7499479897        0.8749270609        0.1252103676
C                0.7499057033        0.8748960469        0.3751632418
C                0.7502685535        0.8753492025        0.6252167696
C                0.7501318202        0.8751951769        0.8751951889
C                0.1249803115       -0.0000516624        0.1249803205
C                0.1249602893       -0.0000879999        0.3749744272
C                0.1250820769       -0.0000799601        0.6249792154
C                0.1250555194       -0.0000176666        0.8749603686
C                0.1249402417        0.2499612861        0.1249402497
C                0.1248590667        0.2499385089        0.3749319689
C                0.1248891651        0.2499323127        0.6249347024
C                0.1249796117        0.2500037263        0.8749154853
C                0.1248009850        0.4999758827        0.1248009910
C                0.1249592796        0.4999176003        0.3749469280
C                0.1251185487        0.4999308766        0.6248732289
C                0.1250173932        0.4999665880        0.8749758490
C                0.1250024732        0.7499423791        0.1250024772
C                0.1249824078        0.7499385592        0.3749867277
C                0.1252234804        0.7498629844        0.6249301518
C                0.1252103616        0.7499479817        0.8749270609
C                0.3749744262       -0.0000880079        0.1249602923
C                0.3749980239       -0.0001497889        0.3749980159
C                0.3750522371       -0.0000581037        0.6249526070
C                0.3750332065       -0.0000282134        0.8749464704
C                0.3749319679        0.2499385079        0.1248590707
C                0.3749870062        0.2500148175        0.3749869952
C                0.3748793029        0.2499583091        0.6248042284
C                0.3749814606        0.2499985352        0.8748971228
C                0.3749469380        0.4999176023        0.1249592786
C                0.3750478650        0.5002197913        0.3750478470
C                0.3760346168        0.4992198687        0.6235134747
C                0.3751773302        0.5000002882        0.8747343547
C                0.3749867377        0.7499385562        0.1249824088
C                0.3750267524        0.7497701543        0.3750267374
C                0.3758679997        0.7491564621        0.6247933578
C                0.3751632498        0.7499056973        0.8748960399
C                0.6249792264       -0.0000799681        0.1250820859
C                0.6249526180       -0.0000581067        0.3750522311
C                0.6250226282        0.0001324406        0.6250226192
C                0.6250408547        0.0001741747        0.8750620755
C                0.6249347104        0.2499323097        0.1248891631
C                0.6248042334        0.2499583111        0.3748792909
C                0.6245781636        0.2505244067        0.6245781596
C                0.6249377132        0.2503365570        0.8747051916
C                0.6248732359        0.4999308816        0.1251185487
C                0.6235134727        0.4992198797        0.3760345988
C                0.6249492220        0.5031252986        0.6249492220
C                0.6250509992        0.5001578088        0.8749911784
C                0.6249301608        0.7498629824        0.1252234904
C                0.6247933598        0.7491564621        0.3758679877
C                0.6255198415        0.7506715184        0.6255198355
C                0.6252167786        0.7502685495        0.8753492105
C                0.8749603676       -0.0000176706        0.1250555354
C                0.8749464674       -0.0000282114        0.3750332075
C                0.8750620665        0.0001741817        0.6250408487
C                0.8750415277        0.0001329082        0.8750415387
C                0.8749154873        0.2500037253        0.1249796197
C                0.8748971148        0.2499985372        0.3749814576
C                0.8747051886        0.2503365570        0.6249377032
C                0.8749118842        0.2501210913        0.8749118882
C                0.8749758400        0.4999665930        0.1250173972
C                0.8747343407        0.5000002912        0.3751773182
C                0.8749911684        0.5001578118        0.6250509962
C                0.8751851291        0.5001270128        0.8751851351
C                0.8749270539        0.7499479817        0.1252103726
C                0.8748960329        0.7499057033        0.3751632438
C                0.8753491935        0.7502685515        0.6252167666
C                0.8751951779        0.7501318182        0.8751951899
C                0.1249803155        0.1249803145       -0.0000516674
C                0.1249402387        0.1249402457        0.2499612991
C                0.1248009920        0.1248010050        0.4999759047
C                0.1250024792        0.1250024902        0.7499423691
C                0.1249602933        0.3749744022       -0.0000880109
C                0.1248590607        0.3749319509        0.2499385139
C                0.1249592866        0.3749469320        0.4999176063
C                0.1249824238        0.3749867207        0.7499385502
C                0.1250820779        0.6249792054       -0.0000799741
C                0.1248891481        0.6249347024        0.2499323077
C                0.1251185377        0.6248732319        0.4999308856
C                0.1252234904        0.6249301428        0.7498629804
C                0.1250555224        0.8749603776       -0.0000176696
C                0.1249796057        0.8749154943        0.2500037313
C                0.1250173822        0.8749758610        0.4999666090
C                0.1252103546        0.8749270649        0.7499479837
C                0.3749744172        0.1249602943       -0.0000880129
C                0.3749319769        0.1248590717        0.2499385189
C                0.3749469470        0.1249593086        0.4999176103
C                0.3749867337        0.1249824328        0.7499385502
C                0.3749980179        0.3749980049       -0.0001498059
C                0.3749869952        0.3749869862        0.2500148035
C                0.3750478650        0.3750478550        0.5002197683
C                0.3750267614        0.3750267374        0.7497701413
C                0.3750522421        0.6249525970       -0.0000581347
C                0.3748792979        0.6248042324        0.2499582831
C                0.3760346128        0.6235134807        0.4992198697
C                0.3758680037        0.6247933398        0.7491564661
C                0.3750332095        0.8749464764       -0.0000282214
C                0.3749814696        0.8748971328        0.2499985352
C                0.3751773202        0.8747343687        0.5000003042
C                0.3751632458        0.8748960469        0.7499057023
C                0.6249792174        0.1250820849       -0.0000799711
C                0.6249347194        0.1248891731        0.2499323147
C                0.6248732389        0.1251185687        0.4999308846
C                0.6249301508        0.1252235044        0.7498629744
C                0.6249526060        0.3750522301       -0.0000581267
C                0.6248042284        0.3748792889        0.2499582981
C                0.6235134777        0.3760346018        0.4992198897
C                0.6247933548        0.3758679847        0.7491564601
C                0.6250226282        0.6250226152        0.0001324306
C                0.6245781686        0.6245781676        0.2505243827
C                0.6249492190        0.6249491950        0.5031253246
C                0.6255198385        0.6255198165        0.7506715354
C                0.6250408617        0.8750620705        0.0001741767
C                0.6249377252        0.8747051996        0.2503365530
C                0.6250510022        0.8749911824        0.5001578168
C                0.6252167746        0.8753492015        0.7502685605
C                0.8749603676        0.1250555224       -0.0000176636
C                0.8749154873        0.1249796187        0.2500037393
C                0.8749758450        0.1250174002        0.4999666050
C                0.8749270499        0.1252103676        0.7499479777
C                0.8749464674        0.3750331915       -0.0000282124
C                0.8748971108        0.3749814476        0.2499985412
C                0.8747343427        0.3751773092        0.5000003032
C                0.8748960369        0.3751632328        0.7499057003
C                0.8750620655        0.6250408447        0.0001741797
C                0.8747051856        0.6249377062        0.2503365610
C                0.8749911644        0.6250509892        0.5001578248
C                0.8753491945        0.6252167576        0.7502685565
C                0.8750415317        0.8750415297        0.0001329222
C                0.8749118852        0.8749118952        0.2501211053
C                0.8751851271        0.8751851401        0.5001270248
C                0.8751951759        0.8751951789        0.7501318262
C                0.1874618467        0.0624331603        0.1874618507
C                0.1874384441        0.0623593889        0.4374541268
C                0.1875293460        0.0624306630        0.6874520081
C                0.1875188361        0.0624771726        0.9374447288
C                0.1874185988        0.3124319869        0.1874185998
C                0.1873470845        0.3123461056        0.4373685155
C                0.1874453335        0.3124920223        0.6873808410
C                0.1874791966        0.3124861494        0.9374064564
C                0.1871788066        0.5623715117        0.1871788056
C                0.1875681245        0.5623247560        0.4374349683
C                0.1877306766        0.5624057932        0.6873226672
C                0.1876465208        0.5624609771        0.9373312545
C                0.1875083893        0.8124066010        0.1875083903
C                0.1874502912        0.8125046561        0.4375233209
C                0.1877843447        0.8123165249        0.6874004516
C                0.1876126050        0.8124475260        0.9374417288
C                0.4374541288        0.0623593799        0.1874384461
C                0.4374573595        0.0624249262        0.4374573525
C                0.4375199504        0.0625355968        0.6874314373
C                0.4375170408        0.0624727279        0.9374669731
C                0.4373685255        0.3123461046        0.1873470765
C                0.4373573470        0.3126472691        0.4373573280
C                0.4376497588        0.3122676675        0.6875989288
C                0.4375038000        0.3125558989        0.9373166803
C                0.4374349793        0.5623247560        0.1875681155
C                0.4387879024        0.5619419692        0.6861813247
C                0.4375760877        0.5625105034        0.9374106263
C                0.4375233269        0.8125046501        0.1874502952
C                0.4376016533        0.8121792218        0.4376016493
C                0.4378151468        0.8123660563        0.6875092754
C                0.4375929100        0.8124847383        0.9375106639
C                0.6874520191        0.0624306550        0.1875293510
C                0.6874314483        0.0625355938        0.4375199444
C                0.6874929404        0.0626916782        0.6874929294
C                0.6874943355        0.0626447525        0.9374970548
C                0.6873808480        0.3124920223        0.1874453335
C                0.6875989278        0.3122676715        0.4376497458
C                0.6871194120        0.3130391004        0.6871194110
C                0.6874444095        0.3126308414        0.9373855455
C                0.6873226652        0.5624058002        0.1877306706
C                0.6861813157        0.5619419692        0.4387878924
C                0.6885962420        0.5629893459        0.6885962480
C                0.6875732930        0.5626034860        0.9376196493
C                0.6874004586        0.8123165219        0.1877843457
C                0.6875092724        0.8123660593        0.4378151298
C                0.6878623554        0.8130008793        0.6878623554
C                0.6876291223        0.8126667303        0.9377731686
C                0.9374447248        0.0624771736        0.1875188501
C                0.9374669681        0.0624727319        0.4375170398
C                0.9374970448        0.0626447545        0.6874943255
C                0.9375066677        0.0625684798        0.9375066737
C                0.9374064504        0.3124861574        0.1874792046
C                0.9373166723        0.3125558969        0.4375038030
C                0.9373855355        0.3126308364        0.6874444085
C                0.9374403518        0.3125574988        0.9374403648
C                0.9373312465        0.5624609821        0.1876465238
C                0.9374106163        0.5625105074        0.4375760747
C                0.9376196383        0.5626034860        0.6875732920
C                0.9376200045        0.5625431975        0.9376200185
C                0.9374417188        0.8124475300        0.1876126060
C                0.9375106509        0.8124847453        0.4375928970
C                0.9377731576        0.8126667313        0.6876291123
C                0.9376229457        0.8125641759        0.9376229537
C                0.0624833765        0.0624833825        0.0624833835
C                0.0624440222        0.0624440382        0.3124868278
C                0.0624280150        0.0624280280        0.5624624591
C                0.0625353220        0.0625353320        0.8124705300
C                0.0624440262        0.3124868128        0.0624440342
C                0.0623429467        0.3124384297        0.3124384497
C                0.0624180712        0.3125023215        0.5624364763
C                0.0624607306        0.3125332714        0.8124325958
C                0.0624280100        0.5624624571        0.0624280220
C                0.0624180622        0.5624364763        0.3125023285
C                0.0625702038        0.5624743202        0.5624743342
C                0.0626293383        0.5625120659        0.8124655223
C                0.0625353180        0.8124705510        0.0625353280
C                0.0624607206        0.8124326168        0.3125332724
C                0.0626293323        0.8124655233        0.5625120739
C                0.0627127707        0.8125044853        0.8125044893
C                0.3124868168        0.0624440282        0.0624440282
C                0.3124384377        0.0623429597        0.3124384347
C                0.3125023335        0.0624180992        0.5624364743
C                0.3125332834        0.0624607436        0.8124325988
C                0.3124384437        0.3124384257        0.0623429507
C                0.3124344805        0.3124344655        0.3124344695
C                0.3117405364        0.3117405384        0.5620277066
C                0.3125300145        0.3125299995        0.8123758369
C                0.3125023315        0.5624364703        0.0624180692
C                0.3117405314        0.5620277046        0.3117405184
C                0.3131417439        0.5620331974        0.5620332114
C                0.3129408019        0.5623906937        0.8120240124
C                0.3125332774        0.8124326098        0.0624607306
C                0.3125300015        0.8123758579        0.3125300005
C                0.3129408019        0.8120240144        0.5623907127
C                0.3126874939        0.8123734315        0.8123734375
C                0.5624624671        0.0624280230        0.0624280240
C                0.5624364893        0.0624180942        0.3125023325
C                0.5624743472        0.0625702368        0.5624743332
C                0.5625120859        0.0626293553        0.8124655233
C                0.5624364833        0.3125023225        0.0624180722
C                0.5620277166        0.3117405374        0.3117405264
C                0.5620331994        0.3131417509        0.5620331894
C                0.5623907107        0.3129407949        0.8120240074
C                0.5624743432        0.5624743222        0.0625702088
C                0.5620332154        0.5620331974        0.3131417249
C                0.5626866309        0.5626866099        0.8125242823
C                0.5625120869        0.8124655163        0.0626293453
C                0.5623907187        0.8120240114        0.3129407959
C                0.5626866349        0.8125242833        0.5626866289
C                0.5627075157        0.8129135492        0.8129135582
C                0.8124705370        0.0625353280        0.0625353380
C                0.8124326028        0.0624607386        0.3125332904
C                0.8124655193        0.0626293543        0.5625120759
C                0.8125044863        0.0627127747        0.8125044883
C                0.8124325988        0.3125332744        0.0624607446
C                0.8123758379        0.3125300035        0.3125300155
C                0.8120240014        0.3129407929        0.5623907077
C                0.8123734285        0.3126874779        0.8123734355
C                0.8124655173        0.5625120699        0.0626293483
C                0.8120240074        0.5623906987        0.3129407939
C                0.8125242683        0.5626866129        0.5626866199
C                0.8129135442        0.5627074897        0.8129135552
C                0.8125044893        0.8125044843        0.0627127787
C                0.8123734305        0.8123734375        0.3126874869
C                0.8129135482        0.8129135522        0.5627074997
C                0.8127412807        0.8127412757        0.8127412847
C                0.0624331543        0.1874618537        0.1874618587
C                0.0623593669        0.1874384471        0.4374541318
C                0.0624306500        0.1875293420        0.6874520041
C                0.0624771686        0.1875188341        0.9374447318
C                0.0623593669        0.4374541188        0.1874384551
C                0.0624248942        0.4374573425        0.4374573535
C                0.0625355718        0.4375199234        0.6874314413
C                0.0624727189        0.4375170238        0.9374669791
C                0.0624306390        0.6874520221        0.1875293390
C                0.0625355628        0.6874314453        0.4375199364
C                0.0626916552        0.6874929194        0.6874929334
C                0.0626447445        0.6874943255        0.9374970528
C                0.0624771586        0.9374447448        0.1875188401
C                0.0624727129        0.9374669871        0.4375170308
C                0.0626447455        0.9374970538        0.6874943235
C                0.0625684738        0.9375066747        0.9375066687
C                0.3124319999        0.1874185938        0.1874185978
C                0.3123461106        0.1873470955        0.4373685115
C                0.3124920373        0.1874453425        0.6873808340
C                0.3124861614        0.1874791936        0.9374064534
C                0.3123461196        0.4373685075        0.1873470745
C                0.3126472611        0.4373573330        0.4373573360
C                0.3122676655        0.4376497518        0.6875989348
C                0.3125559109        0.4375037820        0.9373166773
C                0.3124920223        0.6873808500        0.1874453155
C                0.3122676605        0.6875989428        0.4376497618
C                0.3130391104        0.6871194020        0.6871194180
C                0.3126308514        0.6874444065        0.9373855425
C                0.3124861554        0.9374064684        0.1874791886
C                0.3125559019        0.9373167043        0.4375037980
C                0.3126308544        0.9373855565        0.6874444105
C                0.3125575098        0.9374403638        0.9374403568
C                0.5623715267        0.1871788166        0.1871788106
C                0.5623247630        0.1875681555        0.4374349703
C                0.5624058152        0.1877306916        0.6873226602
C                0.5624609921        0.1876465218        0.9373312555
C                0.5623247700        0.4374349593        0.1875681235
C                0.5619419692        0.4387878954        0.6861813187
C                0.5625105164        0.4375760627        0.9374106253
C                0.5624058172        0.6873226592        0.1877306696
C                0.5619419852        0.6861813237        0.4387879004
C                0.5629893639        0.6885962410        0.6885962530
C                0.5626035070        0.6875732850        0.9376196483
C                0.5624610001        0.9373312615        0.1876465218
C                0.5625105284        0.9374106483        0.4375760777
C                0.5626035110        0.9376196593        0.6875732970
C                0.5625432135        0.9376200155        0.9376200165
C                0.8124065830        0.1875084023        0.1875084123
C                0.8125046391        0.1874503052        0.4375233229
C                0.8123165219        0.1877843487        0.6874004506
C                0.8124475170        0.1876126030        0.9374417338
C                0.8125046381        0.4375233119        0.1874503022
C                0.8121791978        0.4376016353        0.4376016433
C                0.8123660443        0.4378151198        0.6875092664
C                0.8124847363        0.4375928930        0.9375106729
C                0.8123165249        0.6874004466        0.1877843467
C                0.8123660513        0.6875092634        0.4378151268
C                0.8130008753        0.6878623424        0.6878623484
C                0.8126667333        0.6876291083        0.9377731666
C                0.8124475190        0.9374417308        0.1876126130
C                0.8124847353        0.9375106749        0.4375929080
C                0.8126667353        0.9377731676        0.6876291163
C                0.8125641789        0.9376229477        0.9376229557
C                0.1874618527        0.1874618487        0.0624331593
C                0.1874185928        0.1874185948        0.3124320039
C                0.1871788116        0.1871788216        0.5623715137
C                0.1875084003        0.1875084013        0.8124065750
C                0.1874384481        0.4374541148        0.0623593729
C                0.1873470845        0.4373685045        0.3123461086
C                0.1875681325        0.4374349573        0.5623247630
C                0.1874503022        0.4375233059        0.8125046431
C                0.1875293360        0.6874520181        0.0624306480
C                0.1874453165        0.6873808520        0.3124920183
C                0.1877306686        0.6873226572        0.5624058152
C                0.1877843487        0.6874004406        0.8123165299
C                0.1875188331        0.9374447438        0.0624771676
C                0.1874791856        0.9374064754        0.3124861564
C                0.1876465168        0.9373312695        0.5624609861
C                0.1876126040        0.9374417318        0.8124475200
C                0.4374541298        0.1874384461        0.0623593699
C                0.4373685215        0.1873470945        0.3123461066
C                0.4374349773        0.1875681525        0.5623247520
C                0.4375233259        0.1874503092        0.8125046381
C                0.4374573605        0.4374573415        0.0624248952
C                0.4373573510        0.4373573300        0.3126472431
C                0.4376016483        0.4376016323        0.8121792058
C                0.4375199484        0.6874314373        0.0625355698
C                0.4376497668        0.6875989438        0.3122676485
C                0.4387879104        0.6861813237        0.5619419862
C                0.4378151428        0.6875092624        0.8123660593
C                0.4375170408        0.9374669781        0.0624727239
C                0.4375038050        0.9373167043        0.3125559039
C                0.4375760877        0.9374106503        0.5625105164
C                0.4375929170        0.9375106699        0.8124847413
C                0.6874520171        0.1875293400        0.0624306570
C                0.6873808480        0.1874453405        0.3124920343
C                0.6873226612        0.1877306936        0.5624058092
C                0.6874004556        0.1877843497        0.8123165269
C                0.6874314443        0.4375199274        0.0625355788
C                0.6875989298        0.4376497548        0.3122676565
C                0.6861813107        0.4387878984        0.5619419582
C                0.6875092624        0.4378151178        0.8123660583
C                0.6874929364        0.6874929214        0.0626916662
C                0.6871194170        0.6871194060        0.3130390984
C                0.6885962450        0.6885962380        0.5629893549
C                0.6878623524        0.6878623424        0.8130008883
C                0.6874943355        0.9374970478        0.0626447565
C                0.6874444185        0.9373855515        0.3126308494
C                0.6875733000        0.9376196593        0.5626035010
C                0.6876291213        0.9377731656        0.8126667393
C                0.9374447278        0.1875188371        0.0624771806
C                0.9374064504        0.1874791976        0.3124861744
C                0.9373312485        0.1876465198        0.5624609881
C                0.9374417208        0.1876126020        0.8124475170
C                0.9374669691        0.4375170278        0.0624727279
C                0.9373166703        0.4375037850        0.3125559089
C                0.9374106193        0.4375760667        0.5625105134
C                0.9375106579        0.4375928880        0.8124847423
C                0.9374970408        0.6874943275        0.0626447575
C                0.9373855305        0.6874444165        0.3126308454
C                0.9376196373        0.6875732860        0.5626034940
C                0.9377731556        0.6876291053        0.8126667373
C                0.9375066637        0.9375066717        0.0625684868
C                0.9374403508        0.9374403668        0.3125575118
C                0.9376200075        0.9376200225        0.5625432005
C                0.9376229477        0.9376229487        0.8125641779
C                0.5649938959        0.4330111684        0.4330111364
C                0.4330111514        0.4330111624        0.5649939019
C                0.4330111554        0.5649939079        0.4330111394
N                0.5686230882        0.5686230972        0.5686230952
