C               -0.0000326341       -0.0000238909        0.0000003139
C               -0.0000507278        0.0000160019        0.2500132551
C               -0.0001338540       -0.0000471977        0.5000079143
C               -0.0000218383       -0.0000672086        0.7499940788
C               -0.0000517866        0.2499893057        0.0000416878
C                0.0000120553        0.2500323258        0.2500573846
C               -0.0000430603        0.2500403888        0.5000549621
C               -0.0001230413        0.2499573767        0.7500360979
C               -0.0001339563        0.4999834219       -0.0000184224
C               -0.0000435896        0.5000286983        0.2500683781
C                0.0000392217        0.4999846932        0.5000126234
C                0.0000039764        0.4999447563        0.7499515727
C               -0.0000212879        0.7499698378       -0.0000393805
C               -0.0001221881        0.7500088723        0.2499854821
C                0.0000039355        0.7499238423        0.4999712541
C                0.0000705508        0.7499115677        0.7499384529
C                0.2499484542       -0.0000460118       -0.0000153260
C                0.2499112283        0.0000986583        0.2499670581
C                0.2499635314       -0.0000625255        0.5000064114
C                0.2499482763       -0.0002180858        0.7500117098
C                0.2499089302        0.2499359910        0.0001307796
C                0.2501317138        0.2502136479        0.2502445558
C                0.2495740328        0.2494837669        0.5003288458
C                0.2499196321        0.2498186150        0.7501502769
C                0.2499640124        0.4999774449       -0.0000303746
C                0.2495742526        0.5002945722        0.2495169069
C                0.2508713973        0.4999259781        0.4999614690
C                0.2496409382        0.4995978602        0.7504508462
C                0.2499503190        0.7499803145       -0.0001795542
C                0.2499234825        0.7501134487        0.2498573434
C                0.2496406372        0.7504162569        0.4996322042
C                0.2502821826        0.7496340770        0.7496697150
C                0.4999523220       -0.0000527386       -0.0000222602
C                0.4999626921        0.0000473887        0.2499965952
C                0.4999722343       -0.0000258685        0.5000134057
C                0.4999723538       -0.0001300282        0.7500210224
C                0.4999618548        0.2499688248        0.0000754263
C                0.4999442808        0.2497857273        0.2498155090
C                0.4999078726        0.2501969577        0.5001764651
C                0.4997303561        0.2490523453        0.7509576544
C                0.4999729754        0.4999862910        0.0000024964
C                0.4999095042        0.5001419407        0.2502310168
C                0.5000029177        0.4998137587        0.7497961024
C                0.4999739173        0.7499914798       -0.0000968901
C                0.4997330411        0.7509270427        0.2490836518
C                0.5000041740        0.7497651479        0.4998453063
C                0.5000474573        0.7499466715        0.7499767604
C                0.7499797415       -0.0000089160        0.0000149970
C                0.7499752303       -0.0000175768        0.2500169302
C                0.7499658219       -0.0000119479        0.5000190595
C                0.7499895904       -0.0000212606        0.7500186760
C                0.7499748368        0.2499937879        0.0000064929
C                0.7499619956        0.2500048221        0.2500294625
C                0.7501552764        0.2497220523        0.5000290489
C                0.7497835513        0.2501332888        0.7499142986
C                0.7499659265        0.4999958140        0.0000130782
C                0.7501545442        0.4999991703        0.2497534471
C                0.7495745929        0.5000238208        0.5000556761
C                0.7500288119        0.5000131086        0.7501436937
C                0.7499900484        0.7499948178        0.0000040280
C                0.7497815357        0.7498848009        0.2501635113
C                0.7500278718        0.7501156816        0.5000408526
C                0.7500516712        0.7500323533        0.7500573360
C               -0.0000245764        0.1250115852        0.1250355083
C               -0.0000266455        0.1250252083        0.3750316792
C               -0.0001260536        0.1249726545        0.6250424477
C               -0.0000615368        0.1249619738        0.8750181995
C               -0.0000274644        0.3750074753        0.1250517090
C                0.0000066920        0.3750507720        0.3750779763
C               -0.0000224871        0.3749894610        0.6250083579
C               -0.0001141242        0.3749604135        0.8750180069
C               -0.0001255017        0.6250166583        0.1250021494
C               -0.0000228384        0.6249810036        0.3750173749
C                0.0000710553        0.6249131434        0.6249410249
C                0.0000150646        0.6249562939        0.8749316161
C               -0.0000604901        0.8749931740        0.1249878606
C               -0.0001129307        0.8749902938        0.3749860571
C                0.0000147044        0.8749032274        0.6249811766
C                0.0000170262        0.8749376020        0.8749628801
C                0.2499567904        0.1250601532        0.1250895536
C                0.2500060367        0.1250363803        0.3750928397
C                0.2498344660        0.1247374608        0.6251315155
C                0.2499210096        0.1248613627        0.8750815640
C                0.2500065531        0.3750633207        0.1250662574
C                0.2506673569        0.3754513335        0.3754848691
C                0.2499862502        0.3747731818        0.6251958740
C                0.2498271405        0.3748387586        0.8752219936
C                0.2498377709        0.6250969984        0.1247760906
C                0.2499882361        0.6251583667        0.3748111063
C                0.2508279679        0.6243829171        0.6244173287
C                0.2501822053        0.6248646135        0.8747626649
C                0.2499242860        0.8750488166        0.1248970949
C                0.2498300922        0.8751863525        0.3748733656
C                0.2501824164        0.8747260698        0.6248965011
C                0.2500023060        0.8748307236        0.8748642232
C                0.4999732406        0.1249280592        0.1249551425
C                0.4999681729        0.1250412801        0.3750802291
C                0.4999199244        0.1249020398        0.6250880073
C                0.4998975841        0.1246162009        0.8753559862
C                0.4999686438        0.3750521318        0.1250696430
C                0.4999194825        0.3755088292        0.3755432709
C                0.4984578070        0.3744827401        0.6254545199
C                0.4999468916        0.3749434128        0.8750441238
C                0.4999234469        0.6250552992        0.1249361304
C                0.4984595678        0.6254233579        0.3745144407
C                0.5017466519        0.6240517719        0.6240825849
C                0.5000222703        0.6249013664        0.8749291520
C                0.4998994304        0.8753244042        0.1246491914
C                0.4999484582        0.8750148777        0.3749733501
C                0.5000219423        0.8748991065        0.6249297028
C                0.4999979899        0.8749313737        0.8749611992
C                0.7499807447        0.1249979896        0.1250209883
C                0.7500072520        0.1249458654        0.3750236970
C                0.7498951044        0.1249997097        0.6250276860
C                0.7499434351        0.1250201729        0.8749862770
C                0.7500066431        0.3749996760        0.1249713211
C                0.7500205025        0.3749516855        0.3749808729
C                0.7492180544        0.3755078867        0.6249338330
C                0.7499013152        0.3750021972        0.8749729276
C                0.7498950929        0.6250014841        0.1250274397
C                0.7492191300        0.6249029095        0.3755391783
C                0.7501457661        0.6251209474        0.6251501800
C                0.7500326813        0.6250088639        0.8750664416
C                0.7499433444        0.8749610515        0.1250457187
C                0.7499007902        0.8749471562        0.3750273729
C                0.7500318660        0.8750409409        0.6250325186
C                0.7500108597        0.8749904931        0.8750143105
C                0.1249487930        0.0000213866        0.1249986450
C                0.1248985340        0.0000421564        0.3749943437
C                0.1249487420       -0.0001546250        0.6250147066
C                0.1249672123       -0.0000988624        0.8749849456
C                0.1249975221        0.2500393336        0.1251148212
C                0.1250813698        0.2501296749        0.3751184276
C                0.1248663411        0.2498518135        0.6251050447
C                0.1249060116        0.2499233732        0.8750695554
C                0.1247644522        0.5000688705        0.1248214339
C                0.1251857461        0.5000608745        0.3750715816
C                0.1252283467        0.4998623519        0.6249051722
C                0.1248009212        0.4998790570        0.8751494786
C                0.1249199919        0.7500184989        0.1249216050
C                0.1248827712        0.7500868499        0.3749093929
C                0.1251761492        0.7497512148        0.6248567377
C                0.1250741390        0.7498739356        0.8748369746
C                0.3749306491        0.0000754755        0.1249419963
C                0.3749623337        0.0000280172        0.3749994712
C                0.3749727904       -0.0001318436        0.6250131259
C                0.3749465377       -0.0001886454        0.8750204969
C                0.3749680406        0.2500713921        0.1250979033
C                0.3752011768        0.2503001839        0.3754337370
C                0.3748830691        0.2495355660        0.6254130799
C                0.3748838688        0.2497096741        0.8753153585
C                0.3749741193        0.5000818738        0.1250048517
C                0.3760496947        0.5013008545        0.3754666319
C                0.3761623365        0.4982675437        0.6243641712
C                0.3750504562        0.4998666015        0.8749368083
C                0.3748977373        0.7502172159        0.1246948582
C                0.3748684307        0.7504522217        0.3745814406
C                0.3756370388        0.7492212997        0.6246042199
C                0.3750406909        0.7498120068        0.8747949675
C                0.6249892845       -0.0000063565        0.1250118249
C                0.6249703863        0.0000099320        0.3750180318
C                0.6249758956       -0.0000409001        0.6250146503
C                0.6249931101       -0.0000574878        0.8750187328
C                0.6249752372        0.2499626158        0.1249823869
C                0.6249543625        0.2498756015        0.3750299542
C                0.6245897136        0.2501733927        0.6249038903
C                0.6249587994        0.2500687751        0.8749926926
C                0.6249290394        0.5000187088        0.1250299962
C                0.6241834764        0.4996764765        0.3753868724
C                0.6240969794        0.5017520539        0.6244352281
C                0.6249637916        0.4999725107        0.8750102016
C                0.6249414329        0.7499977986        0.1249408875
C                0.6247304745        0.7495246076        0.3754510859
C                0.6250983920        0.7502189881        0.6250975307
C                0.6250215957        0.7500081598        0.8750375324
C                0.8749652946       -0.0000120687        0.1250165211
C                0.8749503871       -0.0000230584        0.3750144487
C                0.8749653958       -0.0000250207        0.6250171388
C                0.8749790232       -0.0000132971        0.8750029831
C                0.8749776104        0.2500054026        0.1250288593
C                0.8750204040        0.2499700446        0.3750310650
C                0.8747694324        0.2501664565        0.6250339915
C                0.8749057760        0.2499982910        0.8749883556
C                0.8750170434        0.4999908941        0.1249598912
C                0.8748354489        0.5000103605        0.3751073356
C                0.8749052083        0.5000002211        0.6249856117
C                0.8749803312        0.4999949350        0.8750071803
C                0.8749012201        0.7499751930        0.1250490302
C                0.8748443109        0.7499101881        0.3750393186
C                0.8750594224        0.7500002265        0.6250178826
C                0.8750259266        0.7499786499        0.8749973712
C                0.1249474647        0.1249715769        0.0000486277
C                0.1249980971        0.1250866803        0.2500657649
C                0.1247629285        0.1247886828        0.5000985964
C                0.1249172781        0.1248885901        0.7500474811
C                0.1248968962        0.3749668712        0.0000724424
C                0.1250812870        0.3750895805        0.2501592749
C                0.1251859797        0.3750404422        0.5000920604
C                0.1248801456        0.3748770482        0.7501196722
C                0.1249500392        0.6249868023       -0.0001203650
C                0.1248689619        0.6250734269        0.2498855675
C                0.1252280742        0.6248725439        0.4998947144
C                0.1251760978        0.6248250798        0.7497849068
C                0.1249683421        0.8749578393       -0.0000691685
C                0.1249090078        0.8750394849        0.2499534714
C                0.1248027553        0.8751163044        0.4999091802
C                0.1250738869        0.8748038670        0.7499030223
C                0.3749292349        0.1249090772        0.0001078710
C                0.3749682375        0.1250690485        0.2500998531
C                0.3749719069        0.1249723034        0.5001142183
C                0.3748946042        0.1246556300        0.7502531559
C                0.3749618397        0.3749706100        0.0000576919
C                0.3752017011        0.3753994119        0.2503342811
C                0.3760484215        0.3754331822        0.5013343886
C                0.3748663329        0.3745470342        0.7504854636
C                0.3749746302        0.6249827933       -0.0000968323
C                0.3748857852        0.6253779639        0.2495710283
C                0.3761632484        0.6243320434        0.4983003334
C                0.3756371383        0.6245711766        0.7492546920
C                0.3749479231        0.8749875718       -0.0001518054
C                0.3748866200        0.8752800551        0.2497458704
C                0.3750508526        0.8749051547        0.4998979089
C                0.3750403169        0.8747591675        0.7498441243
C                0.6249890282        0.1249865485        0.0000189966
C                0.6249755989        0.1249570111        0.2499874629
C                0.6249280496        0.1250020299        0.5000461870
C                0.6249396519        0.1249105052        0.7500270515
C                0.6249701035        0.3749931454        0.0000354484
C                0.6249547272        0.3750006519        0.2499051948
C                0.6241812048        0.3753550049        0.4997088877
C                0.6247290388        0.3754213866        0.7495537153
C                0.6249768659        0.6249893072       -0.0000137995
C                0.6245908854        0.6248702807        0.2502073043
C                0.6240982141        0.6244056689        0.5017817033
C                0.6250988872        0.6250683995        0.7502492924
C                0.6249934015        0.8749921150       -0.0000300084
C                0.6249595377        0.8749659507        0.2500963646
C                0.6249636817        0.8749834754        0.4999987829
C                0.6250213216        0.8750110418        0.7500333776
C                0.8749650467        0.1249934702        0.0000113832
C                0.8749780276        0.1250053051        0.2500280219
C                0.8750182625        0.1249328771        0.5000149985
C                0.8749017927        0.1250218991        0.7500003871
C                0.8749498441        0.3749919169        0.0000018995
C                0.8750200825        0.3750057999        0.2499962110
C                0.8748359081        0.3750771437        0.5000394469
C                0.8748459727        0.3750116829        0.7499377437
C                0.8749657692        0.6249941725        0.0000008932
C                0.8747673252        0.6250055886        0.2501968791
C                0.8749047066        0.6249578026        0.5000283902
C                0.8750598585        0.6249931074        0.7500258493
C                0.8749791859        0.8749796313        0.0000108701
C                0.8749054720        0.8749626015        0.2500231293
C                0.8749797724        0.8749816469        0.5000183274
C                0.8750256023        0.8749729392        0.7500017691
C                0.1874458523        0.0625745431        0.1875312297
C                0.1874150748        0.0624642310        0.4375370328
C                0.1874061926        0.0622957454        0.6875458459
C                0.1874402053        0.0624232489        0.9375269138
C                0.1875485033        0.3125847123        0.1876452937
C                0.1877085226        0.3125752398        0.4376695203
C                0.1873954252        0.3123653519        0.6876154919
C                0.1873777469        0.3124218857        0.9376457821
C                0.1871362048        0.5625254431        0.1871290676
C                0.1878198273        0.5624674568        0.4374686077
C                0.1878062413        0.5622588793        0.6873346228
C                0.1874982742        0.5624273814        0.9374082061
C                0.1874186209        0.8125505059        0.1874130235
C                0.1871601234        0.8128380354        0.4374591606
C                0.1876681177        0.8122277656        0.6873369437
C                0.1874858124        0.8124125269        0.9373602808
C                0.4374487604        0.0625388944        0.1875118453
C                0.4374443900        0.0624957627        0.4375429517
C                0.4374421718        0.0623381596        0.6875806630
C                0.4374717232        0.0622789980        0.9376571444
C                0.4374371006        0.3126148959        0.1876074824
C                0.4376454138        0.3129023247        0.4381286594
C                0.4377247405        0.3109411926        0.6891380781
C                0.4374392282        0.3124053820        0.9376038155
C                0.4374262515        0.5626282522        0.1874269331
C                0.4383310547        0.5614875304        0.6865012217
C                0.4374734619        0.5624403792        0.9374578922
C                0.4374933086        0.8131250453        0.1868675204
C                0.4374499137        0.8125417454        0.4373373334
C                0.4375926545        0.8122204835        0.6872920943
C                0.4374863278        0.8124139624        0.9373644592
C                0.6874828589        0.0624802353        0.1875077681
C                0.6874605869        0.0624945231        0.4375416298
C                0.6874729754        0.0624456015        0.6875514984
C                0.6874718633        0.0624905824        0.9375051870
C                0.6874835688        0.3124977346        0.1874506952
C                0.6880589761        0.3118452831        0.4376705281
C                0.6870943021        0.3126973332        0.6873696113
C                0.6874615666        0.3124857411        0.9375236153
C                0.6873720882        0.5625727451        0.1875231862
C                0.6863979865        0.5619671442        0.4383365784
C                0.6877952675        0.5626937333        0.6879460978
C                0.6874820420        0.5624833488        0.9375168496
C                0.6873995810        0.8124492837        0.1875600654
C                0.6873845010        0.8124233054        0.4375236263
C                0.6875777818        0.8126136725        0.6875813765
C                0.6875105269        0.8125085447        0.9375135571
C                0.9374656404        0.0625055501        0.1875216999
C                0.9374668807        0.0624720508        0.4375352371
C                0.9374262288        0.0624796758        0.6875113367
C                0.9374634003        0.0624802225        0.9375117519
C                0.9375030356        0.3125059502        0.1875334197
C                0.9374467318        0.3125374318        0.4375511694
C                0.9373947140        0.3125226920        0.6874995437
C                0.9374190696        0.3124878920        0.9375098180
C                0.9373799014        0.5624938400        0.1875907274
C                0.9374512843        0.5624851900        0.4375292100
C                0.9375097603        0.5624671618        0.6874711020
C                0.9374591793        0.5624809513        0.9374704679
C                0.9374072213        0.8124866496        0.1875085717
C                0.9374238409        0.8124333519        0.4375166176
C                0.9375496711        0.8124577131        0.6874967587
C                0.9375010435        0.8124726836        0.9374881983
C                0.0624552094        0.0624950592        0.0625205035
C                0.0624594738        0.0625547728        0.3125277095
C                0.0623247026        0.0623531100        0.5625101115
C                0.0624486460        0.0624242920        0.8125133317
C                0.0624582824        0.3125024619        0.0625826328
C                0.0625260427        0.3125460154        0.3125735662
C                0.0625223344        0.3124935363        0.5625350681
C                0.0623768134        0.3124407589        0.8125495267
C                0.0623260402        0.5624827015        0.0623852838
C                0.0625223617        0.5625064852        0.3125232013
C                0.0626396110        0.5624274134        0.5624577395
C                0.0625262816        0.5624248248        0.8124349795
C                0.0624505117        0.8124871192        0.0624533253
C                0.0623793003        0.8125199458        0.3124698007
C                0.0625267264        0.8124044668        0.5624530729
C                0.0625536619        0.8123886288        0.8124173498
C                0.3124378592        0.0625140970        0.0625455193
C                0.3124373285        0.0625431534        0.3125264755
C                0.3124359366        0.0623935276        0.5625502398
C                0.3124202333        0.0622505608        0.8125872714
C                0.3124367744        0.3124976551        0.0625726092
C                0.3127361955        0.3128147547        0.3128490578
C                0.3118698595        0.3115627416        0.5625504566
C                0.3123737895        0.3122557952        0.8128709584
C                0.3124381705        0.5625189055        0.0624281079
C                0.3118707940        0.5625154088        0.3115966745
C                0.3138665845        0.5617280678        0.5617611933
C                0.3127033902        0.5622056567        0.8122256066
C                0.3124236311        0.8125526520        0.0622901954
C                0.3123769793        0.8128346668        0.3122928937
C                0.3127037756        0.8121907345        0.5622389076
C                0.3125605722        0.8122567084        0.8122914927
C                0.5624681748        0.0624484319        0.0624747342
C                0.5624523543        0.0625229621        0.3125291100
C                0.5624554532        0.0624581928        0.5625584935
C                0.5624638107        0.0623558459        0.8125950248
C                0.5624520989        0.3125032032        0.0625492080
C                0.5623656666        0.3119650482        0.3119961369
C                0.5618632904        0.3127239499        0.5626589826
C                0.5623232412        0.3124573613        0.8125059516
C                0.5624571959        0.5625308902        0.0624868628
C                0.5618648219        0.5626248100        0.3127578158
C                0.5624824117        0.5623869962        0.8125239130
C                0.5624656915        0.8125652861        0.0623875789
C                0.5623251478        0.8124770138        0.3124868906
C                0.5624829023        0.8124949575        0.5624157414
C                0.5625338815        0.8124813686        0.8125084933
C                0.8124739382        0.0624939475        0.0625169576
C                0.8124772270        0.0624733360        0.3125179375
C                0.8124589444        0.0624857044        0.5625316704
C                0.8124537805        0.0625047912        0.8125060773
C                0.8124766712        0.3124954115        0.0624974636
C                0.8125491015        0.3124814828        0.3125075867
C                0.8121447307        0.3127310747        0.5624762823
C                0.8123672098        0.3125147929        0.8124577286
C                0.8124588740        0.5625080652        0.0625116412
C                0.8121438255        0.5624456822        0.3127629791
C                0.8123996203        0.5624968777        0.5625258430
C                0.8125459856        0.5625165367        0.8125739151
C                0.8124539192        0.8124820743        0.0625299747
C                0.8123659127        0.8124306349        0.3125414625
C                0.8125453823        0.8125482357        0.5625407860
C                0.8125409453        0.8125061202        0.8125297785
C                0.0624917149        0.1875383163        0.1875640678
C                0.0624663945        0.1875160381        0.4375586172
C                0.0623748108        0.1874275848        0.6875487622
C                0.0624332410        0.1874631572        0.9375449376
C                0.0624661708        0.4375315122        0.1875448688
C                0.0626008379        0.4375151130        0.4375442909
C                0.0625481089        0.4374503156        0.6874819803
C                0.0623288034        0.4374847868        0.9375891239
C                0.0623770394        0.6875203623        0.1874588633
C                0.0625483847        0.6874522762        0.4374797387
C                0.0626036334        0.6873859499        0.6874162207
C                0.0625060259        0.6874472568        0.9373944197
C                0.0624353874        0.9375179322        0.1874897470
C                0.0623306385        0.9375587501        0.4375119720
C                0.0625054993        0.9373629113        0.6874737285
C                0.0624747914        0.9374483009        0.9374746571
C                0.3124860390        0.1876105812        0.1876396187
C                0.3124409032        0.1874991189        0.4376790730
C                0.3123899425        0.1871258816        0.6877100738
C                0.3124012036        0.1873557407        0.9376880522
C                0.3124424329        0.4376455533        0.1875315090
C                0.3137574507        0.4380662640        0.4380998749
C                0.3118705583        0.4374420194        0.6885039467
C                0.3124459857        0.4374289242        0.9375281174
C                0.3123935557        0.6876731141        0.1871654401
C                0.3118712668        0.6884706369        0.4374764092
C                0.3129516994        0.6869895525        0.6870241383
C                0.3125067799        0.6874151319        0.9373393556
C                0.3124046685        0.9376534716        0.1873913809
C                0.3124470985        0.9374966939        0.4374592268
C                0.3125060377        0.9373021723        0.6874459793
C                0.3124554716        0.9373854948        0.9374193027
C                0.5624467196        0.1873563339        0.1873830064
C                0.5623973443        0.1875134530        0.4376410909
C                0.5623521537        0.1873225305        0.6877238170
C                0.5624488280        0.1874382389        0.9375730897
C                0.5623986455        0.4376111240        0.1875429299
C                0.5616690618        0.4378780325        0.6868107956
C                0.5624667326        0.4374487393        0.9375320592
C                0.5623558689        0.6876902652        0.1873568833
C                0.5616712357        0.6867814820        0.4379084501
C                0.5627536251        0.6877230659        0.6877541927
C                0.5624860921        0.6874678552        0.9374601810
C                0.5624501723        0.9375456344        0.1874662907
C                0.5624671886        0.9375052145        0.4374752521
C                0.5624854611        0.9374316161        0.6874941271
C                0.5624876273        0.9374537938        0.9374818529
C                0.8124762876        0.1875037936        0.1875268623
C                0.8126273139        0.1873345601        0.4375600448
C                0.8123404999        0.1875757612        0.6874972583
C                0.8124480430        0.1874958161        0.9374989888
C                0.8126260512        0.4375341598        0.1873626987
C                0.8123220141        0.4375232537        0.4375536689
C                0.8122712562        0.4375797875        0.6874548314
C                0.8124452361        0.4374964122        0.9374902018
C                0.8123390157        0.6874700984        0.1876048617
C                0.8122699977        0.6874259316        0.4376092970
C                0.8126257513        0.6875604586        0.6875863594
C                0.8125138825        0.6875037379        0.9375248801
C                0.8124482827        0.9374746609        0.1875195283
C                0.8124451346        0.9374653364        0.4375194048
C                0.8125132831        0.9374999824        0.6875266318
C                0.8124892644        0.9374914215        0.9375148530
C                0.1874444631        0.1875027884        0.0626042562
C                0.1875482062        0.1876155597        0.3126133380
C                0.1871348848        0.1870938903        0.5625591878
C                0.1874146978        0.1873776954        0.8125834373
C                0.1874155345        0.4375085749        0.0624949027
C                0.1877083784        0.4376365516        0.3126077048
C                0.1878200417        0.4374333041        0.5625027890
C                0.1871586018        0.4374250869        0.8128728678
C                0.1874093373        0.6875143351        0.0623335013
C                0.1873988283        0.6875794697        0.3124024299
C                0.1878060581        0.6872995173        0.5622932920
C                0.1876678409        0.6873042204        0.8122636183
C                0.1874423452        0.9374972187        0.0624543557
C                0.1873811524        0.9376127125        0.3124535188
C                0.1874987618        0.9373744084        0.5624566458
C                0.1874847342        0.9373256680        0.8124428940
C                0.4374480880        0.1874835093        0.0625672987
C                0.4374365427        0.1875778038        0.3126447353
C                0.4374230061        0.1873919293        0.5626634129
C                0.4374904971        0.1868342788        0.8131568175
C                0.4374453296        0.4375144903        0.0625247173
C                0.4376462436        0.4380935502        0.3129373099
C                0.4374480142        0.4373043005        0.8125733278
C                0.4374454184        0.6875482065        0.0623745300
C                0.4377272039        0.6891062449        0.3109737822
C                0.4383316934        0.6864697441        0.5615194179
C                0.4375925248        0.6872610775        0.8122535547
C                0.4374737244        0.9376240836        0.0623140537
C                0.4374411026        0.9375733334        0.3124360926
C                0.4374731769        0.9374272766        0.5624688569
C                0.4374853408        0.9373302946        0.8124444167
C                0.6874825460        0.1874842035        0.0625042378
C                0.6874838209        0.1874249162        0.3125231037
C                0.6873710276        0.1874935475        0.5626019193
C                0.6873994231        0.1875318197        0.8124767316
C                0.6874607559        0.4375172283        0.0625199005
C                0.6880599223        0.4376399513        0.3118750889
C                0.6863964680        0.4383055805        0.5619981411
C                0.6873846888        0.4374965693        0.8124504581
C                0.6874740326        0.6875258472        0.0624727805
C                0.6870945535        0.6873375241        0.3127298515
C                0.6877953780        0.6879162083        0.5627239156
C                0.6875782514        0.6875560481        0.8126405296
C                0.6874720679        0.9374803608        0.0625156531
C                0.6874620310        0.9374985756        0.3125103844
C                0.6874816718        0.9374913663        0.5625073961
C                0.6875102757        0.9374882640        0.8125328552
C                0.9374650780        0.1874986821        0.0625294464
C                0.9375034588        0.1875084372        0.3125298432
C                0.9373812176        0.1875621907        0.5625194087
C                0.9374066093        0.1874825790        0.8125120513
C                0.9374659742        0.4375119194        0.0624985921
C                0.9374464123        0.4375247112        0.3125649326
C                0.9374515379        0.4375012899        0.5625124891
C                0.9374242307        0.4374913585        0.8124601021
C                0.9374266533        0.6874872063        0.0625070081
C                0.9373935594        0.6874725932        0.3125506255
C                0.9375096998        0.6874443448        0.5624935569
C                0.9375499121        0.6874721690        0.8124837747
C                0.9374639757        0.9374881088        0.0625041345
C                0.9374199641        0.9374840016        0.3125117002
C                0.9374587755        0.9374435631        0.5625044594
C                0.9375006863        0.9374631186        0.8124962833
C                0.5685039496        0.4314641546        0.4314952568
C                0.4328015590        0.4304105671        0.5696143208
C                0.4328026706        0.5695834915        0.4304418766
N                0.5661467430        0.5659447554        0.5659741596
